 Refx, Refy, xc, yc, Theta, y1, y2 
 1.591549, 0.000000, 0.000000, 0.000000, 0.000000, 0.300000, 0.000000
 1.587028, 0.119886, 0.000000, 0.000000, 0.000000, 0.300000, 0.000000
 1.573488, 0.239091, 0.000000, 0.000000, 0.000000, 0.300000, 0.000000
 1.551008, 0.356938, 0.000000, 0.000000, 0.000000, 0.300000, 0.000000
 1.519714, 0.472756, 0.000000, 0.000000, 0.000000, 0.300000, 0.000000
 1.479785, 0.585888, 0.000000, 0.000000, 0.000000, 0.300000, 0.000000
 1.431448, 0.695691, 0.094654, 0.094654, 0.094654, 0.393839, 0.116753
 1.374977, 0.801541, -0.068048, -0.068048, -0.068048, 0.231460, -0.085212
 1.310693, 0.902837, 0.070640, 0.070640, 0.070640, 0.370111, 0.088450
 1.238961, 0.999002, 0.079457, 0.079457, 0.079457, 0.378788, 0.099491
 1.160190, 1.089491, -0.057002, -0.057002, -0.057002, 0.242668, -0.071071
 1.074826, 1.173789, 0.256741, 0.256741, 0.256741, 0.549633, 0.321659
 0.983354, 1.251417, -0.345213, -0.345213, -0.345213, -0.064360, -0.450671
 0.886295, 1.321934, -0.372574, -0.372574, -0.372574, -0.095003, -0.486390
 0.784200, 1.384940, 1.227568, 1.227568, 1.227568, 1.151902, 1.517869
 0.677649, 1.440077, -0.121070, -0.121070, -0.121070, -0.391810, -0.250297
 0.567247, 1.487031, 0.129437, 0.129437, 0.129437, 0.019260, 0.408473
 0.453622, 1.525535, 0.122277, 0.122277, 0.122277, -0.020955, 0.385876
 0.337420, 1.555370, 0.429353, 0.429353, 0.429353, 0.202248, 0.233334
 0.219300, 1.576368, -1.108583, -1.108583, -1.108583, -1.024382, -0.820641
 0.099935, 1.588409, 1.661187, 1.661187, 1.661187, 1.502408, 1.915725
 -0.019999, 1.591424, 1.839188, 1.839188, 1.839188, 1.736320, 2.121000
 -0.139819, 1.585396, 0.017015, 0.017015, 0.017015, 0.316651, 0.031791
 -0.258844, 1.570360, -0.113920, -0.113920, -0.113920, -0.395781, -0.011184
 -0.376399, 1.546400, 0.382622, 0.382622, 0.382622, 0.091835, 0.308846
 -0.491815, 1.513654, 0.198491, 0.198491, 0.198491, -0.099058, 0.160218
 -0.604436, 1.472307, 0.354369, 0.354369, 0.354369, 0.644767, 0.279077
 -0.713623, 1.422593, 0.654047, 0.654047, 0.654047, 0.636855, 0.953554
 -0.818755, 1.364797, -0.287594, -0.287594, -0.287594, -0.479077, -0.518536
 -0.919234, 1.299245, -0.267403, -0.267403, -0.267403, -0.476906, -0.482133
 -1.014491, 1.226311, -2.203940, -2.203940, -2.203940, -2.197840, -1.904002
 -1.103982, 1.146409, 0.778487, 0.778487, 0.778487, 1.021106, 0.954941
 -1.187201, 1.059992, -0.170733, -0.170733, -0.170733, -0.022618, -0.431620
 -1.263674, 0.967553, -0.173834, -0.173834, -0.173834, -0.034394, -0.439459
 -1.332966, 0.869615, 0.035105, 0.035105, 0.035105, 0.334164, 0.011363
 -1.394684, 0.766737, -1.306781, -1.306781, -1.306781, -1.304549, -1.606773
 -1.448478, 0.659501, 0.338810, 0.338810, 0.338810, 0.061576, 0.224175
 -1.494041, 0.548518, 0.417479, 0.417479, 0.417479, 0.152814, 0.276227
 -1.531114, 0.434419, 0.072955, 0.072955, 0.072955, 0.372559, 0.057556
 -1.559487, 0.317851, -0.529570, -0.529570, -0.529570, -0.757629, -0.724478
 -1.578999, 0.199477, 0.167216, 0.167216, 0.167216, 0.466612, 0.148198
 -1.589539, 0.079969, 0.171391, 0.171391, 0.171391, 0.470757, 0.151897
 -1.591047, -0.039993, 1.873008, 1.873008, 1.873008, 1.895990, 2.172126
 -1.583514, -0.159728, -0.477397, -0.477397, -0.477397, -0.740184, -0.622114
 -1.566983, -0.278555, 1.335129, 1.335129, 1.335129, 1.081914, 1.174251
 -1.541549, -0.395799, 1.209903, 1.209903, 1.209903, 0.947709, 1.064114
 -1.507355, -0.510794, -0.013455, -0.013455, -0.013455, 0.247428, 0.134667
 -1.464596, -0.622887, 0.884743, 0.884743, 0.884743, 0.676014, 1.100225
 -1.413515, -0.731441, -0.006841, -0.006841, -0.006841, 0.292926, -0.018661
 -1.354402, -0.835838, -0.029569, -0.029569, -0.029569, 0.266049, -0.080658
 -1.287593, -0.935486, 0.148587, 0.148587, 0.148587, 0.438027, 0.227483
 -1.213467, -1.029819, -0.653477, -0.653477, -0.653477, -0.419987, -0.841845
 -1.132447, -1.118299, -0.105420, -0.105420, -0.105420, 0.159604, 0.035158
 -1.044992, -1.200426, -0.151486, -0.151486, -0.151486, 0.070310, 0.050521
 -0.951599, -1.275731, 1.476686, 1.476686, 1.476686, 1.505778, 1.775273
 -0.852799, -1.343787, 1.204023, 1.204023, 1.204023, 1.099980, 1.485404
 -0.749153, -1.404208, 0.175160, 0.175160, 0.175160, 0.013520, -0.077569
 -0.641250, -1.456650, 0.182962, 0.182962, 0.182962, 0.040446, -0.081025
 -0.529703, -1.500814, -0.904403, -0.904403, -0.904403, -0.653712, -0.739617
 -0.415147, -1.536451, -1.036808, -1.036808, -1.036808, -0.767110, -1.168197
 -0.298231, -1.563358, -0.230206, -0.230206, -0.230206, -0.068086, -0.482628
 -0.179622, -1.581381, -0.176755, -0.176755, -0.176755, 0.052235, -0.370568
 -0.059991, -1.590418, 0.247035, 0.247035, 0.247035, 0.501866, 0.088727
 0.059980, -1.590419, 0.306093, 0.306093, 0.306093, 0.515294, 0.091070
 0.179611, -1.581382, -0.392647, -0.392647, -0.392647, -0.126038, -0.255099
 0.298221, -1.563360, -0.470692, -0.470692, -0.470692, -0.220068, -0.305804
 0.415137, -1.536454, 0.235313, 0.235313, 0.235313, 0.532064, 0.279347
 0.529693, -1.500818, 0.207913, 0.207913, 0.207913, 0.170365, 0.505554
 0.641240, -1.456654, -1.133507, -1.133507, -1.133507, -1.038328, -1.418008
 0.749143, -1.404213, -1.140275, -1.140275, -1.140275, -1.050333, -1.426475
 0.852790, -1.343793, 2.037460, 2.037460, 2.037460, 1.900066, 1.770771
 0.951590, -1.275737, 0.417998, 0.417998, 0.417998, 0.715600, 0.380143
 1.044984, -1.200433, -0.405457, -0.405457, -0.405457, -0.433302, -0.106752
 1.132440, -1.118307, -0.398827, -0.398827, -0.398827, -0.459404, -0.105006
 1.213461, -1.029827, -0.511077, -0.511077, -0.511077, -0.790751, -0.619623
 1.287587, -0.935495, 0.694231, 0.694231, 0.694231, 0.431328, 0.549724
 1.354396, -0.835847, -1.650203, -1.650203, -1.650203, -1.825620, -1.406833
 1.413510, -0.731450, -1.796672, -1.796672, -1.796672, -1.937351, -1.531701
 1.464592, -0.622897, -0.888113, -0.888113, -0.888113, -0.638297, -1.054222
 1.507351, -0.510804, -0.603246, -0.603246, -0.603246, -0.779296, -0.360333
 1.541546, -0.395809, -0.159844, -0.159844, -0.159844, -0.455861, -0.208566
 1.566982, -0.278565, 0.030681, 0.030681, 0.030681, -0.269173, 0.040033
 1.583513, -0.159738, -0.384509, -0.384509, -0.384509, -0.657962, -0.261125
 1.591047, -0.040003, -0.118100, -0.118100, -0.118100, 0.158185, -0.235003
 1.589540, -0.079959, -0.745368, -0.745368, -0.745368, -0.679438, -0.452702
 1.579001, -0.199466, -0.762853, -0.762853, -0.762853, -0.746088, -0.463322
 1.559489, -0.317841, 2.074234, 2.074234, 2.074234, 2.056942, 2.373735
 1.531117, -0.434409, 0.252856, 0.252856, 0.252856, 0.530043, 0.138106
 1.494044, -0.548509, 1.157977, 1.157977, 1.157977, 1.368112, 0.943867
 1.448482, -0.659492, 1.316546, 1.316546, 1.316546, 1.491880, 1.073116
 1.394689, -0.766727, 0.604831, 0.604831, 0.604831, 0.872456, 0.469269
 1.332972, -0.869606, 0.922614, 0.922614, 0.922614, 0.671292, 0.758795
 1.263680, -0.967544, 0.194307, 0.194307, 0.194307, 0.037354, 0.449974
 1.187208, -1.059984, 0.206569, 0.206569, 0.206569, 0.079591, 0.478372
 1.103990, -1.146401, -1.123223, -1.123223, -1.123223, -1.082938, -1.420506
 1.014499, -1.226304, 1.092509, 1.092509, 1.092509, 1.018284, 0.801836
 0.919243, -1.299239, -1.581540, -1.581540, -1.581540, -1.323498, -1.428522
 0.818764, -1.364791, -1.596385, -1.596385, -1.596385, -1.339201, -1.441931
 0.713632, -1.422589, 2.044792, 2.044792, 2.044792, 2.210661, 2.294767
 0.604446, -1.472303, 2.055777, 2.055777, 2.055777, 2.051539, 1.755806
 0.491825, -1.513651, 0.184734, 0.184734, 0.184734, 0.381035, 0.411596
 0.376409, -1.546398, 0.140894, 0.140894, 0.140894, 0.385971, 0.313918
 0.258855, -1.570358, 0.034760, 0.034760, 0.034760, 0.334719, 0.029811
 0.139829, -1.585395, 0.324269, 0.324269, 0.324269, 0.604129, 0.216203
 0.020009, -1.591424, -1.222920, -1.222920, -1.222920, -1.394783, -0.977028
 -0.099924, -1.588410, -1.149386, -1.149386, -1.149386, -1.340670, -0.918279
 -0.219290, -1.576370, 1.071795, 1.071795, 1.071795, 1.252548, 1.311230
 -0.337410, -1.555373, 0.927322, 0.927322, 0.927322, 0.820211, 0.647095
 -0.453612, -1.525538, -0.259618, -0.259618, -0.259618, -0.000615, -0.411003
 -0.567237, -1.487034, -0.334722, -0.334722, -0.334722, -0.106894, -0.529900
 -0.677639, -1.440082, 1.560269, 1.560269, 1.560269, 1.673650, 1.282519
 -0.784191, -1.384946, -1.911094, -1.911094, -1.911094, -2.014878, -1.629617
 -0.886286, -1.321941, -0.794864, -0.794864, -0.794864, -0.511603, -0.893672
 -0.983345, -1.251424, -1.288118, -1.288118, -1.288118, -1.034424, -1.448241
 -1.074817, -1.173796, 1.231651, 1.231651, 1.231651, 1.167381, 0.938616
 -1.160182, -1.089499, -0.920820, -0.920820, -0.920820, -1.204994, -0.824667
 -1.238954, -0.999011, 0.814644, 0.814644, 0.814644, 0.540124, 0.935634
 -1.310686, -0.902846, 0.770978, 0.770978, 0.770978, 0.493691, 0.885484
 -1.374971, -0.801551, 1.413911, 1.413911, 1.413911, 1.445152, 1.712279
 -1.431443, -0.695702, -0.461796, -0.461796, -0.461796, -0.675761, -0.251513
 -1.479781, -0.585899, 1.237277, 1.237277, 1.237277, 1.295493, 1.531574
 -1.519711, -0.472768, 1.209109, 1.209109, 1.209109, 1.294477, 1.496707
 -1.551005, -0.356950, 1.303600, 1.303600, 1.303600, 1.186840, 1.579946
 -1.573486, -0.239103, 0.458587, 0.458587, 0.458587, 0.246351, 0.670615
 -1.587027, -0.119899, -0.140918, -0.140918, -0.140918, 0.157272, -0.173824
 -1.591549, -0.000012, -0.077197, -0.077197, -0.077197, 0.222261, -0.095223
 -1.587029, 0.119874, 1.065540, 1.065540, 1.065540, 0.907475, 0.810559
 -1.573490, 0.239079, 0.713406, 0.713406, 0.713406, 0.832411, 0.988793
 -1.551011, 0.356926, -0.108653, -0.108653, -0.108653, 0.183948, -0.042438
 -1.519718, 0.472744, -0.201016, -0.201016, -0.201016, 0.072832, -0.078514
 -1.479790, 0.585876, -0.610892, -0.610892, -0.610892, -0.754393, -0.347439
 -1.431454, 0.695680, 1.437337, 1.437337, 1.437337, 1.569700, 1.706558
 -1.374983, 0.801530, 1.058601, 1.058601, 1.058601, 0.816016, 0.882101
 -1.310700, 0.902826, 1.349371, 1.349371, 1.349371, 1.150917, 1.124392
 -1.238970, 0.998991, 1.282156, 1.282156, 1.282156, 1.103741, 1.523337
 -1.160198, 1.089481, 0.920625, 0.920625, 0.920625, 1.138434, 1.126925
 -1.074834, 1.173781, 1.698989, 1.698989, 1.698989, 1.522044, 1.456728
 -0.983363, 1.251410, 1.837800, 1.837800, 1.837800, 1.691761, 1.575745
 -0.886303, 1.321929, 1.603355, 1.603355, 1.603355, 1.735596, 1.872636
 -0.784208, 1.384936, -1.504508, -1.504508, -1.504508, -1.280980, -1.304420
 -0.677656, 1.440073, -1.293132, -1.293132, -1.293132, -1.412034, -1.568563
 -0.567254, 1.487028, -1.367392, -1.367392, -1.367392, -1.439325, -1.658641
 -0.453629, 1.525533, 2.014105, 2.014105, 2.014105, 1.931309, 1.725756
 -0.337426, 1.555369, 1.030785, 1.030785, 1.030785, 0.761439, 0.898674
 -0.219305, 1.576368, 1.163081, 1.163081, 1.163081, 1.406905, 1.337866
 -0.099938, 1.588409, 1.024654, 1.024654, 1.024654, 1.282121, 1.178637
 0.019996, 1.591424, -2.578648, -2.578648, -2.578648, -2.490610, -2.291857
 0.139817, 1.585396, -2.950500, -2.950500, -2.950500, -3.049177, -3.233807
 0.258843, 1.570360, -0.597667, -0.597667, -0.597667, -0.303198, -0.540328
 0.376399, 1.546400, -0.601655, -0.601655, -0.601655, -0.307261, -0.543934
 0.491816, 1.513653, 1.585416, 1.585416, 1.585416, 1.366553, 1.790596
 0.604438, 1.472306, 0.417360, 0.417360, 0.417360, 0.707130, 0.495035
 0.713626, 1.422592, -0.023951, -0.023951, -0.023951, -0.323932, -0.020552
 0.818758, 1.364795, 0.106924, 0.106924, 0.106924, -0.192692, 0.091750
 0.919238, 1.299242, 0.225419, 0.225419, 0.225419, -0.068666, 0.284698
 1.014495, 1.226307, 1.200662, 1.200662, 1.200662, 1.291491, 1.486582
 1.103987, 1.146404, 0.134427, 0.134427, 0.134427, -0.134436, 0.001337
 1.187206, 1.059986, 0.171985, 0.171985, 0.171985, -0.075011, 0.001711
 1.263679, 0.967546, 0.596937, 0.596937, 0.596937, 0.822696, 0.794504
 1.332971, 0.869607, -0.397137, -0.397137, -0.397137, -0.127127, -0.266391
 1.394689, 0.766727, 0.481725, 0.481725, 0.481725, 0.747347, 0.342278
 1.448482, 0.659491, 0.373456, 0.373456, 0.373456, 0.653301, 0.265350
 1.494045, 0.548507, -0.632330, -0.632330, -0.632330, -0.358561, -0.509650
 1.531118, 0.434406, -1.987304, -1.987304, -1.987304, -1.905479, -1.698678
 1.559490, 0.317837, -0.145028, -0.145028, -0.145028, -0.417490, -0.270583
 1.579001, 0.199462, -0.186571, -0.186571, -0.186571, -0.439377, -0.348091
 1.589540, 0.079953, 0.688655, 0.688655, 0.688655, 0.594130, 0.973374
