 0.000000 , 1.000000 , 0.628319 , 0.000000 , 0.000000 , 0.000000
 0.030000 , 1.000000 , 0.628319 , -0.400988 , 0.779690 , 0.627926
 0.060000 , 1.000000 , 0.628319 , -0.360640 , 0.796749 , 0.626356
 0.090000 , 1.000000 , 0.628319 , -0.318791 , 0.809695 , 0.623221
 0.120000 , 1.000000 , 0.628319 , -0.275858 , 0.818397 , 0.618529
 0.150000 , 1.000000 , 0.628319 , -0.232271 , 0.822771 , 0.612290
 0.180000 , 1.000000 , 0.628319 , -0.188465 , 0.822771 , 0.604521
 0.210000 , 1.000000 , 0.628319 , -0.144878 , 0.818397 , 0.595240
 0.240000 , 1.000000 , 0.628319 , -0.101945 , 0.809695 , 0.584472
 0.270000 , 1.000000 , 0.628319 , -0.060095 , 0.796749 , 0.572244
 0.300000 , 1.000000 , 0.628319 , -0.019747 , 0.779690 , 0.558584
 0.330000 , 1.000000 , 0.628319 , 0.018696 , 0.758688 , 0.543529
 0.360000 , 1.000000 , 0.628319 , 0.054851 , 0.733954 , 0.527115
 0.390000 , 1.000000 , 0.628319 , 0.088356 , 0.705733 , 0.509384
 0.420000 , 1.000000 , 0.628319 , 0.118876 , 0.674308 , 0.490379
 0.450000 , 1.000000 , 0.628319 , 0.146106 , 0.639994 , 0.470149
 0.480000 , 1.000000 , 0.628319 , 0.169774 , 0.603132 , 0.448744
 0.510000 , 1.000000 , 0.628319 , 0.189645 , 0.564092 , 0.426217
 0.540000 , 1.000000 , 0.628319 , 0.205518 , 0.523263 , 0.402624
 0.570000 , 1.000000 , 0.628319 , 0.217236 , 0.481054 , 0.378026
 0.600000 , 1.000000 , 0.628319 , 0.224682 , 0.437885 , 0.352482
 0.630000 , 1.000000 , 0.628319 , 0.227780 , 0.394189 , 0.326057
 0.660000 , 1.000000 , 0.628319 , 0.226501 , 0.350401 , 0.298818
 0.690000 , 1.000000 , 0.628319 , 0.220857 , 0.306961 , 0.270832
 0.720000 , 1.000000 , 0.628319 , 0.210904 , 0.264300 , 0.242168
 0.750000 , 1.000000 , 0.628319 , 0.196742 , 0.222847 , 0.212900
 0.780000 , 1.000000 , 0.628319 , 0.178513 , 0.183014 , 0.183099
 0.810000 , 1.000000 , 0.628319 , 0.156397 , 0.145200 , 0.152840
 0.840000 , 1.000000 , 0.628319 , 0.130617 , 0.109783 , 0.122200
 0.870000 , 1.000000 , 0.628319 , 0.101431 , 0.077117 , 0.091254
 0.900000 , 1.000000 , 0.628319 , 0.069128 , 0.047527 , 0.060080
 0.930000 , 1.000000 , 0.628319 , 0.034033 , 0.021311 , 0.028756
 0.960000 , 1.000000 , 0.628319 , -0.003503 , -0.001271 , -0.002640
 0.990000 , 1.000000 , 0.628319 , -0.043107 , -0.019993 , -0.034030
 1.020000 , 1.000000 , 0.628319 , -0.084382 , -0.034668 , -0.065334
 1.049999 , 1.000000 , 0.628319 , -0.126916 , -0.045148 , -0.096475
 1.079999 , 1.000000 , 0.628319 , -0.170283 , -0.051330 , -0.127375
 1.109999 , 1.000000 , 0.628319 , -0.214052 , -0.053152 , -0.157956
 1.139999 , 1.000000 , 0.628319 , -0.257783 , -0.050595 , -0.188143
 1.169999 , 1.000000 , 0.628319 , -0.301040 , -0.043685 , -0.217860
 1.199999 , 1.000000 , 0.628319 , -0.343392 , -0.032490 , -0.247032
 1.229999 , 1.000000 , 0.628319 , -0.384414 , -0.017124 , -0.275586
 1.259999 , 1.000000 , 0.628319 , -0.423698 , 0.002261 , -0.303452
 1.289999 , 1.000000 , 0.628319 , -0.460850 , 0.025471 , -0.330559
 1.319999 , 1.000000 , 0.628319 , -0.495499 , 0.052274 , -0.356840
 1.349999 , 1.000000 , 0.628319 , -0.527299 , 0.082402 , -0.382229
 1.379999 , 1.000000 , 0.628319 , -0.555933 , 0.115554 , -0.406663
 1.409999 , 1.000000 , 0.628319 , -0.581114 , 0.151400 , -0.430080
 1.439999 , 1.000000 , 0.628319 , -0.602590 , 0.189580 , -0.452422
 1.469999 , 1.000000 , 0.628319 , -0.620148 , 0.229714 , -0.473634
 1.499999 , 1.000000 , 0.628319 , -0.633611 , 0.271399 , -0.493662
 1.529999 , 1.000000 , 0.628319 , -0.642845 , 0.314221 , -0.512455
 1.559999 , 1.000000 , 0.628319 , -0.647758 , 0.357751 , -0.529968
 1.589999 , 1.000000 , 0.628319 , -0.648301 , 0.401553 , -0.546156
 1.619999 , 1.000000 , 0.628319 , -0.644468 , 0.445191 , -0.560979
 1.649999 , 1.000000 , 0.628319 , -0.636298 , 0.488229 , -0.574400
 1.679999 , 1.000000 , 0.628319 , -0.623872 , 0.530235 , -0.586386
 1.709999 , 1.000000 , 0.628319 , -0.607314 , 0.570792 , -0.596905
 1.739999 , 1.000000 , 0.628319 , -0.586790 , 0.609492 , -0.605933
 1.769999 , 1.000000 , 0.628319 , -0.562506 , 0.645951 , -0.613446
 1.799999 , 1.000000 , 0.628319 , -0.534702 , 0.679802 , -0.619426
 1.829999 , 1.000000 , 0.628319 , -0.503658 , 0.710709 , -0.623858
 1.859999 , 1.000000 , 0.628319 , -0.469684 , 0.738363 , -0.626730
 1.889999 , 1.000000 , 0.628319 , -0.433119 , 0.762486 , -0.628036
 1.919999 , 1.000000 , 0.628319 , -0.394328 , 0.782839 , -0.627772
 1.949999 , 1.000000 , 0.628319 , -0.353699 , 0.799217 , -0.625939
 1.979999 , 1.000000 , 0.628319 , -0.311638 , 0.811457 , -0.622541
 2.009999 , 1.000000 , 0.628319 , -0.268565 , 0.819437 , -0.617588
 2.039999 , 1.000000 , 0.628319 , -0.224910 , 0.823077 , -0.611090
 2.069999 , 1.000000 , 0.628319 , -0.181110 , 0.822341 , -0.603066
 2.099998 , 1.000000 , 0.628319 , -0.137603 , 0.817235 , -0.593534
 2.129998 , 1.000000 , 0.628319 , -0.094822 , 0.807812 , -0.582518
 2.159998 , 1.000000 , 0.628319 , -0.053196 , 0.794165 , -0.570047
 2.189998 , 1.000000 , 0.628319 , -0.013141 , 0.776430 , -0.556150
 2.219998 , 1.000000 , 0.628319 , 0.024944 , 0.754785 , -0.540864
 2.249998 , 1.000000 , 0.628319 , 0.060678 , 0.729446 , -0.524226
 2.279998 , 1.000000 , 0.628319 , 0.093703 , 0.700666 , -0.506277
 2.309998 , 1.000000 , 0.628319 , 0.123691 , 0.668733 , -0.487063
 2.339998 , 1.000000 , 0.628319 , 0.150340 , 0.633966 , -0.466632
 2.369998 , 1.000000 , 0.628319 , 0.173386 , 0.596712 , -0.445034
 2.399998 , 1.000000 , 0.628319 , 0.192597 , 0.557343 , -0.422324
 2.429998 , 1.000000 , 0.628319 , 0.207782 , 0.516253 , -0.398558
 2.459998 , 1.000000 , 0.628319 , 0.218789 , 0.473853 , -0.373796
 2.489998 , 1.000000 , 0.628319 , 0.225508 , 0.430565 , -0.348100
 2.519998 , 1.000000 , 0.628319 , 0.227872 , 0.386822 , -0.321534
 2.549998 , 1.000000 , 0.628319 , 0.225857 , 0.343063 , -0.294164
 2.579998 , 1.000000 , 0.628319 , 0.219483 , 0.299723 , -0.266058
 2.609998 , 1.000000 , 0.628319 , 0.208814 , 0.257235 , -0.237288
 2.639998 , 1.000000 , 0.628319 , 0.193957 , 0.216025 , -0.207925
 2.669998 , 1.000000 , 0.628319 , 0.175061 , 0.176505 , -0.178042
 2.699998 , 1.000000 , 0.628319 , 0.152313 , 0.139068 , -0.147713
 2.729998 , 1.000000 , 0.628319 , 0.125941 , 0.104089 , -0.117016
 2.759998 , 1.000000 , 0.628319 , 0.096209 , 0.071918 , -0.086026
 2.789998 , 1.000000 , 0.628319 , 0.063413 , 0.042876 , -0.054821
 2.819998 , 1.000000 , 0.628319 , 0.027883 , 0.017253 , -0.023480
 2.849998 , 1.000000 , 0.628319 , -0.010029 , -0.004695 , 0.007921
 2.879998 , 1.000000 , 0.628319 , -0.049942 , -0.022748 , 0.039302
 2.909998 , 1.000000 , 0.628319 , -0.091458 , -0.036727 , 0.070584
 2.939998 , 1.000000 , 0.628319 , -0.134162 , -0.046491 , 0.101690
 2.969998 , 1.000000 , 0.628319 , -0.177628 , -0.051943 , 0.132542
 2.999998 , 1.000000 , 0.628319 , -0.221421 , -0.053028 , 0.163063
 3.029998 , 1.000000 , 0.628319 , -0.265103 , -0.049736 , 0.193176
 3.059998 , 1.000000 , 0.628319 , -0.308238 , -0.042099 , 0.222806
 3.089998 , 1.000000 , 0.628319 , -0.350396 , -0.030194 , 0.251879
 3.119998 , 1.000000 , 0.628319 , -0.391154 , -0.014140 , 0.280323
 3.149997 , 1.000000 , 0.628319 , -0.430106 , 0.005903 , 0.308066
 3.179997 , 1.000000 , 0.628319 , -0.466863 , 0.029735 , 0.335039
 3.209997 , 1.000000 , 0.628319 , -0.501056 , 0.057117 , 0.361175
 3.239997 , 1.000000 , 0.628319 , -0.532346 , 0.087776 , 0.386408
 3.269997 , 1.000000 , 0.628319 , -0.560418 , 0.121405 , 0.410675
 3.299997 , 1.000000 , 0.628319 , -0.584992 , 0.157669 , 0.433915
 3.329997 , 1.000000 , 0.628319 , -0.605823 , 0.196206 , 0.456071
 3.359997 , 1.000000 , 0.628319 , -0.622703 , 0.236629 , 0.477087
 3.389997 , 1.000000 , 0.628319 , -0.635463 , 0.278536 , 0.496911
 3.419997 , 1.000000 , 0.628319 , -0.643976 , 0.321507 , 0.515493
 3.449997 , 1.000000 , 0.628319 , -0.648156 , 0.365113 , 0.532786
 3.479997 , 1.000000 , 0.628319 , -0.647962 , 0.408919 , 0.548747
 3.509997 , 1.000000 , 0.628319 , -0.643395 , 0.452486 , 0.563337
 3.539997 , 1.000000 , 0.628319 , -0.634502 , 0.495380 , 0.576518
 3.569997 , 1.000000 , 0.628319 , -0.621371 , 0.537172 , 0.588259
 3.599997 , 1.000000 , 0.628319 , -0.604133 , 0.577444 , 0.598529
 3.629997 , 1.000000 , 0.628319 , -0.582961 , 0.615794 , 0.607304
 3.659997 , 1.000000 , 0.628319 , -0.558066 , 0.651839 , 0.614560
 3.689997 , 1.000000 , 0.628319 , -0.529697 , 0.685218 , 0.620280
 3.719997 , 1.000000 , 0.628319 , -0.498137 , 0.715599 , 0.624450
 3.749997 , 1.000000 , 0.628319 , -0.463702 , 0.742677 , 0.627059
 3.779997 , 1.000000 , 0.628319 , -0.426736 , 0.766181 , 0.628101
 3.809997 , 1.000000 , 0.628319 , -0.387608 , 0.785878 , 0.627573
 3.839997 , 1.000000 , 0.628319 , -0.346708 , 0.801571 , 0.625476
 3.869997 , 1.000000 , 0.628319 , -0.304447 , 0.813101 , 0.621816
 3.899997 , 1.000000 , 0.628319 , -0.261246 , 0.820355 , 0.616602
 3.929997 , 1.000000 , 0.628319 , -0.217536 , 0.823260 , 0.609846
 3.959997 , 1.000000 , 0.628319 , -0.173754 , 0.821786 , 0.601566
 3.989997 , 1.000000 , 0.628319 , -0.130339 , 0.815949 , 0.591783
 4.019997 , 1.000000 , 0.628319 , -0.087723 , 0.805807 , 0.580520
 4.049997 , 1.000000 , 0.628319 , -0.046332 , 0.791461 , 0.567806
 4.079997 , 1.000000 , 0.628319 , -0.006581 , 0.773055 , 0.553673
 4.109997 , 1.000000 , 0.628319 , 0.031134 , 0.750771 , 0.538156
 4.139997 , 1.000000 , 0.628319 , 0.066437 , 0.724834 , 0.521294
 4.169998 , 1.000000 , 0.628319 , 0.098973 , 0.695503 , 0.503129
 4.199998 , 1.000000 , 0.628319 , 0.128419 , 0.663069 , 0.483707
 4.229998 , 1.000000 , 0.628319 , 0.154480 , 0.627858 , 0.463075
 4.259998 , 1.000000 , 0.628319 , 0.176895 , 0.590221 , 0.441286
 4.289999 , 1.000000 , 0.628319 , 0.195440 , 0.550534 , 0.418394
 4.319999 , 1.000000 , 0.628319 , 0.209931 , 0.509194 , 0.394457
 4.349999 , 1.000000 , 0.628319 , 0.220223 , 0.466614 , 0.369533
 4.379999 , 1.000000 , 0.628319 , 0.226212 , 0.423219 , 0.343686
 4.409999 , 1.000000 , 0.628319 , 0.227839 , 0.379443 , 0.316979
 4.440000 , 1.000000 , 0.628319 , 0.225087 , 0.335723 , 0.289481
 4.470000 , 1.000000 , 0.628319 , 0.217985 , 0.292497 , 0.261258
 4.500000 , 1.000000 , 0.628319 , 0.206602 , 0.250195 , 0.232383
 4.530000 , 1.000000 , 0.628319 , 0.191054 , 0.209241 , 0.202927
 4.560000 , 1.000000 , 0.628319 , 0.171494 , 0.170044 , 0.172964
 4.590001 , 1.000000 , 0.628319 , 0.148119 , 0.132996 , 0.142568
 4.620001 , 1.000000 , 0.628319 , 0.121162 , 0.098466 , 0.111816
 4.650001 , 1.000000 , 0.628319 , 0.090892 , 0.066800 , 0.080785
 4.680001 , 1.000000 , 0.628319 , 0.057613 , 0.038314 , 0.049551
 4.710001 , 1.000000 , 0.628319 , 0.021655 , 0.013293 , 0.018194
 4.740002 , 1.000000 , 0.628319 , -0.016620 , -0.008013 , -0.013209
 4.770002 , 1.000000 , 0.628319 , -0.056832 , -0.025392 , -0.044578
 4.800002 , 1.000000 , 0.628319 , -0.098577 , -0.038669 , -0.075837
 4.830002 , 1.000000 , 0.628319 , -0.141440 , -0.047713 , -0.106905
 4.860003 , 1.000000 , 0.628319 , -0.184991 , -0.052432 , -0.137707
 4.890003 , 1.000000 , 0.628319 , -0.228796 , -0.052780 , -0.168164
 4.920003 , 1.000000 , 0.628319 , -0.272417 , -0.048752 , -0.198201
 4.950003 , 1.000000 , 0.628319 , -0.315417 , -0.040391 , -0.227743
 4.980003 , 1.000000 , 0.628319 , -0.357368 , -0.027777 , -0.256715
 5.010004 , 1.000000 , 0.628319 , -0.397851 , -0.011039 , -0.285046
 5.040004 , 1.000000 , 0.628319 , -0.436460 , 0.009657 , -0.312664
 5.070004 , 1.000000 , 0.628319 , -0.472810 , 0.034104 , -0.339501
 5.100004 , 1.000000 , 0.628319 , -0.506537 , 0.062058 , -0.365489
 5.130004 , 1.000000 , 0.628319 , -0.537306 , 0.093239 , -0.390563
 5.160005 , 1.000000 , 0.628319 , -0.564808 , 0.127337 , -0.414662
 5.190005 , 1.000000 , 0.628319 , -0.588768 , 0.164010 , -0.437724
 5.220005 , 1.000000 , 0.628319 , -0.608947 , 0.202891 , -0.459691
 5.250005 , 1.000000 , 0.628319 , -0.625144 , 0.243593 , -0.480510
 5.280005 , 1.000000 , 0.628319 , -0.637197 , 0.285709 , -0.500128
 5.310006 , 1.000000 , 0.628319 , -0.644985 , 0.328817 , -0.518496
 5.340006 , 1.000000 , 0.628319 , -0.648430 , 0.372487 , -0.535568
 5.370006 , 1.000000 , 0.628319 , -0.647498 , 0.416284 , -0.551301
 5.400006 , 1.000000 , 0.628319 , -0.642199 , 0.459768 , -0.565656
 5.430007 , 1.000000 , 0.628319 , -0.632584 , 0.502506 , -0.578597
 5.460007 , 1.000000 , 0.628319 , -0.618751 , 0.544071 , -0.590092
 5.490007 , 1.000000 , 0.628319 , -0.600838 , 0.584047 , -0.600112
 5.520007 , 1.000000 , 0.628319 , -0.579023 , 0.622035 , -0.608633
 5.550007 , 1.000000 , 0.628319 , -0.553525 , 0.657656 , -0.615631
 5.580008 , 1.000000 , 0.628319 , -0.524598 , 0.690553 , -0.621091
 5.610008 , 1.000000 , 0.628319 , -0.492531 , 0.720397 , -0.624999
 5.640008 , 1.000000 , 0.628319 , -0.457645 , 0.746892 , -0.627345
 5.670008 , 1.000000 , 0.628319 , -0.420288 , 0.769771 , -0.628122
 5.700008 , 1.000000 , 0.628319 , -0.380834 , 0.788806 , -0.627330
 5.730009 , 1.000000 , 0.628319 , -0.339676 , 0.803807 , -0.624969
 5.760009 , 1.000000 , 0.628319 , -0.297227 , 0.814625 , -0.621046
 5.790009 , 1.000000 , 0.628319 , -0.253909 , 0.821150 , -0.615572
 5.820009 , 1.000000 , 0.628319 , -0.210157 , 0.823318 , -0.608558
 5.850009 , 1.000000 , 0.628319 , -0.166406 , 0.821108 , -0.600023
 5.880010 , 1.000000 , 0.628319 , -0.123095 , 0.814541 , -0.589989
 5.910010 , 1.000000 , 0.628319 , -0.080656 , 0.803682 , -0.578480
 5.940010 , 1.000000 , 0.628319 , -0.039513 , 0.788642 , -0.565525
 5.970010 , 1.000000 , 0.628319 , -0.000077 , 0.769568 , -0.551156
 6.000010 , 1.000000 , 0.628319 , 0.037258 , 0.746653 , -0.535410
 6.030011 , 1.000000 , 0.628319 , 0.072118 , 0.720125 , -0.518326
 6.060011 , 1.000000 , 0.628319 , 0.104156 , 0.690250 , -0.499946
 6.090011 , 1.000000 , 0.628319 , 0.133052 , 0.657325 , -0.480316
 6.120011 , 1.000000 , 0.628319 , 0.158516 , 0.621680 , -0.459486
 6.150012 , 1.000000 , 0.628319 , 0.180294 , 0.583671 , -0.437507
 6.180012 , 1.000000 , 0.628319 , 0.198169 , 0.543678 , -0.414435
 6.210012 , 1.000000 , 0.628319 , 0.211962 , 0.502100 , -0.390327
 6.240012 , 1.000000 , 0.628319 , 0.221535 , 0.459352 , -0.365244
 6.270012 , 1.000000 , 0.628319 , 0.226792 , 0.415863 , -0.339247
 6.300013 , 1.000000 , 0.628319 , 0.227682 , 0.372065 , -0.312403
 6.330013 , 1.000000 , 0.628319 , 0.224195 , 0.328398 , -0.284777
 6.360013 , 1.000000 , 0.628319 , 0.216365 , 0.285297 , -0.256440
 6.390013 , 1.000000 , 0.628319 , 0.204272 , 0.243193 , -0.227462
 6.420013 , 1.000000 , 0.628319 , 0.188036 , 0.202507 , -0.197915
 6.450014 , 1.000000 , 0.628319 , 0.167819 , 0.163645 , -0.167874
 6.480014 , 1.000000 , 0.628319 , 0.143824 , 0.126996 , -0.137413
 6.510014 , 1.000000 , 0.628319 , 0.116289 , 0.092925 , -0.106608
 6.540014 , 1.000000 , 0.628319 , 0.085491 , 0.061773 , -0.075537
 6.570014 , 1.000000 , 0.628319 , 0.051736 , 0.033851 , -0.044278
 6.600015 , 1.000000 , 0.628319 , 0.015362 , 0.009439 , -0.012907
 6.630015 , 1.000000 , 0.628319 , -0.023266 , -0.011220 , 0.018495
 6.660015 , 1.000000 , 0.628319 , -0.063765 , -0.027919 , 0.049852
 6.690015 , 1.000000 , 0.628319 , -0.105728 , -0.040492 , 0.081084
 6.720016 , 1.000000 , 0.628319 , -0.148737 , -0.048812 , 0.112113
 6.750016 , 1.000000 , 0.628319 , -0.192361 , -0.052797 , 0.142862
 6.780016 , 1.000000 , 0.628319 , -0.236166 , -0.052407 , 0.173253
 6.810016 , 1.000000 , 0.628319 , -0.279713 , -0.047646 , 0.203212
 6.840016 , 1.000000 , 0.628319 , -0.322566 , -0.038561 , 0.232663
 6.870017 , 1.000000 , 0.628319 , -0.364299 , -0.025244 , 0.261532
 6.900017 , 1.000000 , 0.628319 , -0.404494 , -0.007826 , 0.289748
 6.930017 , 1.000000 , 0.628319 , -0.442749 , 0.013517 , 0.317239
 6.960017 , 1.000000 , 0.628319 , -0.478682 , 0.038573 , 0.343938
 6.990017 , 1.000000 , 0.628319 , -0.511934 , 0.067091 , 0.369777
 7.020018 , 1.000000 , 0.628319 , -0.542173 , 0.098786 , 0.394691
 7.050018 , 1.000000 , 0.628319 , -0.569097 , 0.133341 , 0.418619
 7.080018 , 1.000000 , 0.628319 , -0.592437 , 0.170412 , 0.441501
 7.110018 , 1.000000 , 0.628319 , -0.611958 , 0.209628 , 0.463279
 7.140018 , 1.000000 , 0.628319 , -0.627468 , 0.250597 , 0.483899
 7.170019 , 1.000000 , 0.628319 , -0.638809 , 0.292910 , 0.503310
 7.200019 , 1.000000 , 0.628319 , -0.645870 , 0.336143 , 0.521462
 7.230019 , 1.000000 , 0.628319 , -0.648580 , 0.379865 , 0.538312
 7.260019 , 1.000000 , 0.628319 , -0.646911 , 0.423640 , 0.553815
 7.290020 , 1.000000 , 0.628319 , -0.640880 , 0.467029 , 0.567935
 7.320020 , 1.000000 , 0.628319 , -0.630547 , 0.509599 , 0.580635
 7.350020 , 1.000000 , 0.628319 , -0.616016 , 0.550925 , 0.591883
 7.380020 , 1.000000 , 0.628319 , -0.597432 , 0.590594 , 0.601653
 7.410020 , 1.000000 , 0.628319 , -0.574981 , 0.628209 , 0.609918
 7.440021 , 1.000000 , 0.628319 , -0.548887 , 0.663395 , 0.616659
 7.470021 , 1.000000 , 0.628319 , -0.519410 , 0.695800 , 0.621859
 7.500021 , 1.000000 , 0.628319 , -0.486845 , 0.725101 , 0.625504
 7.530021 , 1.000000 , 0.628319 , -0.451518 , 0.751004 , 0.627586
 7.560021 , 1.000000 , 0.628319 , -0.413781 , 0.773251 , 0.628099
 7.590022 , 1.000000 , 0.628319 , -0.374012 , 0.791619 , 0.627042
 7.620022 , 1.000000 , 0.628319 , -0.332607 , 0.805925 , 0.624418
 7.650022 , 1.000000 , 0.628319 , -0.289982 , 0.816026 , 0.620233
 7.680022 , 1.000000 , 0.628319 , -0.246560 , 0.821821 , 0.614498
 7.710022 , 1.000000 , 0.628319 , -0.202778 , 0.823253 , 0.607227
 7.740023 , 1.000000 , 0.628319 , -0.159071 , 0.820306 , 0.598438
 7.770023 , 1.000000 , 0.628319 , -0.115876 , 0.813010 , 0.588153
 7.800023 , 1.000000 , 0.628319 , -0.073626 , 0.801439 , 0.576399
 7.830023 , 1.000000 , 0.628319 , -0.032742 , 0.785707 , 0.563203
 7.860023 , 1.000000 , 0.628319 , 0.006367 , 0.765973 , 0.548600
 7.890024 , 1.000000 , 0.628319 , 0.043311 , 0.742432 , 0.532626
 7.920024 , 1.000000 , 0.628319 , 0.077720 , 0.715321 , 0.515320
 7.950024 , 1.000000 , 0.628319 , 0.109250 , 0.684911 , 0.496727
 7.980024 , 1.000000 , 0.628319 , 0.137587 , 0.651504 , 0.476891
 8.010024 , 1.000000 , 0.628319 , 0.162447 , 0.615435 , 0.455864
 8.040024 , 1.000000 , 0.628319 , 0.183583 , 0.577065 , 0.433697
 8.070024 , 1.000000 , 0.628319 , 0.200782 , 0.536776 , 0.410447
 8.100023 , 1.000000 , 0.628319 , 0.213872 , 0.494972 , 0.386170
 8.130023 , 1.000000 , 0.628319 , 0.222724 , 0.452069 , 0.360928
 8.160023 , 1.000000 , 0.628319 , 0.227249 , 0.408497 , 0.334784
 8.190022 , 1.000000 , 0.628319 , 0.227401 , 0.364691 , 0.307804
 8.220022 , 1.000000 , 0.628319 , 0.223179 , 0.321089 , 0.280053
 8.250022 , 1.000000 , 0.628319 , 0.214625 , 0.278126 , 0.251603
 8.280022 , 1.000000 , 0.628319 , 0.201824 , 0.236232 , 0.222524
 8.310021 , 1.000000 , 0.628319 , 0.184906 , 0.195825 , 0.192889
 8.340021 , 1.000000 , 0.628319 , 0.164037 , 0.157309 , 0.162772
 8.370021 , 1.000000 , 0.628319 , 0.139428 , 0.121068 , 0.132248
 8.400021 , 1.000000 , 0.628319 , 0.111324 , 0.087466 , 0.101393
 8.430020 , 1.000000 , 0.628319 , 0.080005 , 0.056837 , 0.070285
 8.460020 , 1.000000 , 0.628319 , 0.045785 , 0.029488 , 0.039001
 8.490020 , 1.000000 , 0.628319 , 0.009006 , 0.005692 , 0.007620
 8.520020 , 1.000000 , 0.628319 , -0.029966 , -0.014314 , -0.023781
 8.550019 , 1.000000 , 0.628319 , -0.070740 , -0.030329 , -0.055122
 8.580019 , 1.000000 , 0.628319 , -0.112909 , -0.042193 , -0.086325
 8.610019 , 1.000000 , 0.628319 , -0.156051 , -0.049788 , -0.117312
 8.640018 , 1.000000 , 0.628319 , -0.199737 , -0.053038 , -0.148006
 8.670018 , 1.000000 , 0.628319 , -0.243529 , -0.051911 , -0.178330
 8.700018 , 1.000000 , 0.628319 , -0.286989 , -0.046417 , -0.208209
 8.730018 , 1.000000 , 0.628319 , -0.329684 , -0.036612 , -0.237567
 8.760017 , 1.000000 , 0.628319 , -0.371186 , -0.022594 , -0.266331
 8.790017 , 1.000000 , 0.628319 , -0.411082 , -0.004502 , -0.294430
 8.820017 , 1.000000 , 0.628319 , -0.448972 , 0.017482 , -0.321792
 8.850017 , 1.000000 , 0.628319 , -0.484478 , 0.043140 , -0.348351
 8.880016 , 1.000000 , 0.628319 , -0.517246 , 0.072213 , -0.374038
 8.910016 , 1.000000 , 0.628319 , -0.546947 , 0.104413 , -0.398791
 8.940016 , 1.000000 , 0.628319 , -0.573285 , 0.139417 , -0.422547
 8.970016 , 1.000000 , 0.628319 , -0.595997 , 0.176876 , -0.445247
 9.000015 , 1.000000 , 0.628319 , -0.614856 , 0.216415 , -0.466834
 9.030015 , 1.000000 , 0.628319 , -0.629673 , 0.257639 , -0.487254
 9.060015 , 1.000000 , 0.628319 , -0.640301 , 0.300137 , -0.506456
 9.090014 , 1.000000 , 0.628319 , -0.646632 , 0.343483 , -0.524392
 9.120014 , 1.000000 , 0.628319 , -0.648605 , 0.387245 , -0.541018
 9.150014 , 1.000000 , 0.628319 , -0.646199 , 0.430985 , -0.556291
 9.180014 , 1.000000 , 0.628319 , -0.639439 , 0.474266 , -0.570174
 9.210013 , 1.000000 , 0.628319 , -0.628391 , 0.516656 , -0.582631
 9.240013 , 1.000000 , 0.628319 , -0.613166 , 0.557732 , -0.593633
 9.270013 , 1.000000 , 0.628319 , -0.593917 , 0.597082 , -0.603150
 9.300013 , 1.000000 , 0.628319 , -0.570836 , 0.634314 , -0.611160
 9.330012 , 1.000000 , 0.628319 , -0.544152 , 0.669056 , -0.617643
 9.360012 , 1.000000 , 0.628319 , -0.514134 , 0.700960 , -0.622581
 9.390012 , 1.000000 , 0.628319 , -0.481080 , 0.729708 , -0.625964
 9.420012 , 1.000000 , 0.628319 , -0.445322 , 0.755013 , -0.627782
 9.450011 , 1.000000 , 0.628319 , -0.407216 , 0.776621 , -0.628031
 9.480011 , 1.000000 , 0.628319 , -0.367143 , 0.794317 , -0.626710
 9.510011 , 1.000000 , 0.628319 , -0.325504 , 0.807924 , -0.623822
 9.540010 , 1.000000 , 0.628319 , -0.282714 , 0.817306 , -0.619375
 9.570010 , 1.000000 , 0.628319 , -0.239201 , 0.822369 , -0.613381
 9.600010 , 1.000000 , 0.628319 , -0.195401 , 0.823063 , -0.605853
 9.630010 , 1.000000 , 0.628319 , -0.151751 , 0.819381 , -0.596811
 9.660009 , 1.000000 , 0.628319 , -0.108686 , 0.811359 , -0.586277
 9.690009 , 1.000000 , 0.628319 , -0.066637 , 0.799079 , -0.574278
 9.720009 , 1.000000 , 0.628319 , -0.026025 , 0.782661 , -0.560843
 9.750009 , 1.000000 , 0.628319 , 0.012746 , 0.762272 , -0.546007
 9.780008 , 1.000000 , 0.628319 , 0.049288 , 0.738114 , -0.529806
 9.810008 , 1.000000 , 0.628319 , 0.083235 , 0.710428 , -0.512281
 9.840008 , 1.000000 , 0.628319 , 0.114249 , 0.679492 , -0.493475
 9.870008 , 1.000000 , 0.628319 , 0.142019 , 0.645614 , -0.473436
 9.900007 , 1.000000 , 0.628319 , 0.166269 , 0.609133 , -0.452214
 9.930007 , 1.000000 , 0.628319 , 0.186755 , 0.570413 , -0.429862
 9.960007 , 1.000000 , 0.628319 , 0.203274 , 0.529842 , -0.406435
 9.990006 , 1.000000 , 0.628319 , 0.215660 , 0.487824 , -0.381992
 10.020006 , 1.000000 , -0.628319 , 0.223789 , 0.444779 , -0.012930
 10.050006 , 1.000000 , -0.628319 , 0.227581 , 0.401138 , 0.330306
 10.080006 , 1.000000 , -0.628319 , 0.226996 , 0.357337 , 0.303192
 10.110005 , 1.000000 , -0.628319 , 0.222042 , 0.313813 , 0.275319
 10.140005 , 1.000000 , -0.628319 , 0.212768 , 0.271000 , 0.246759
 10.170005 , 1.000000 , -0.628319 , 0.199266 , 0.229328 , 0.217582
 10.200005 , 1.000000 , -0.628319 , 0.181671 , 0.189211 , 0.187861
 10.230004 , 1.000000 , -0.628319 , 0.160159 , 0.151052 , 0.157671
 10.260004 , 1.000000 , -0.628319 , 0.134945 , 0.115231 , 0.127086
 10.290004 , 1.000000 , -0.628319 , 0.106280 , 0.082106 , 0.096184
 10.320004 , 1.000000 , -0.628319 , 0.074452 , 0.052008 , 0.065042
 10.350003 , 1.000000 , -0.628319 , 0.039779 , 0.025237 , 0.033737
 10.380003 , 1.000000 , -0.628319 , 0.002606 , 0.002062 , 0.002347
 10.410003 , 1.000000 , -0.628319 , -0.036695 , -0.017286 , -0.029048
 10.440002 , 1.000000 , -0.628319 , -0.077731 , -0.032614 , -0.060371
 10.470002 , 1.000000 , -0.628319 , -0.120093 , -0.043769 , -0.091542
 10.500002 , 1.000000 , -0.628319 , -0.163356 , -0.050638 , -0.122485
 10.530002 , 1.000000 , -0.628319 , -0.207089 , -0.053155 , -0.153122
 10.560001 , 1.000000 , -0.628319 , -0.250855 , -0.051293 , -0.183376
 10.590001 , 1.000000 , -0.628319 , -0.294216 , -0.045071 , -0.213172
 10.620001 , 1.000000 , -0.628319 , -0.336739 , -0.034552 , -0.242435
 10.650001 , 1.000000 , -0.628319 , -0.378000 , -0.019839 , -0.271092
 10.680000 , 1.000000 , -0.628319 , -0.417586 , -0.001082 , -0.299072
 10.710000 , 1.000000 , -0.628319 , -0.455102 , 0.021535 , -0.326303
 10.740000 , 1.000000 , -0.628319 , -0.490172 , 0.047783 , -0.352720
 10.770000 , 1.000000 , -0.628319 , -0.522447 , 0.077401 , -0.378255
 10.799999 , 1.000000 , -0.628319 , -0.551604 , 0.110094 , -0.402844
 10.829999 , 1.000000 , -0.628319 , -0.577351 , 0.145534 , -0.426427
 10.859999 , 1.000000 , -0.628319 , -0.599431 , 0.183367 , -0.448943
 10.889998 , 1.000000 , -0.628319 , -0.617625 , 0.223216 , -0.470338
 10.919998 , 1.000000 , -0.628319 , -0.631749 , 0.264682 , -0.490557
 10.949998 , 1.000000 , -0.628319 , -0.641663 , 0.307350 , -0.509550
 10.979998 , 1.000000 , -0.628319 , -0.647268 , 0.350796 , -0.527269
 11.009997 , 1.000000 , -0.628319 , -0.648508 , 0.394584 , -0.543671
 11.039997 , 1.000000 , -0.628319 , -0.645370 , 0.438276 , -0.558714
 11.069997 , 1.000000 , -0.628319 , -0.637885 , 0.481438 , -0.572360
 11.099997 , 1.000000 , -0.628319 , -0.626129 , 0.523636 , -0.584576
 11.129996 , 1.000000 , -0.628319 , -0.610220 , 0.564450 , -0.595330
 11.159996 , 1.000000 , -0.628319 , -0.590315 , 0.603472 , -0.604597
 11.189996 , 1.000000 , -0.628319 , -0.566614 , 0.640312 , -0.612352
 11.219995 , 1.000000 , -0.628319 , -0.539353 , 0.674602 , -0.618577
 11.249995 , 1.000000 , -0.628319 , -0.508806 , 0.705998 , -0.623256
 11.279995 , 1.000000 , -0.628319 , -0.475277 , 0.734189 , -0.626377
 11.309995 , 1.000000 , -0.628319 , -0.439101 , 0.758891 , -0.627933
 11.339994 , 1.000000 , -0.628319 , -0.400639 , 0.779859 , -0.627919
 11.369994 , 1.000000 , -0.628319 , -0.360277 , 0.796882 , -0.626336
 11.399994 , 1.000000 , -0.628319 , -0.318417 , 0.809790 , -0.623187
 11.429994 , 1.000000 , -0.628319 , -0.275477 , 0.818455 , -0.618480
 11.459993 , 1.000000 , -0.628319 , -0.231886 , 0.822790 , -0.612228
 11.489993 , 1.000000 , -0.628319 , -0.188081 , 0.822751 , -0.604446
 11.519993 , 1.000000 , -0.628319 , -0.144498 , 0.818340 , -0.595153
 11.549993 , 1.000000 , -0.628319 , -0.101574 , 0.809600 , -0.584372
 11.579992 , 1.000000 , -0.628319 , -0.059736 , 0.796618 , -0.572131
 11.609992 , 1.000000 , -0.628319 , -0.019404 , 0.779524 , -0.558459
 11.639992 , 1.000000 , -0.628319 , 0.019021 , 0.758489 , -0.543392
 11.669991 , 1.000000 , -0.628319 , 0.055153 , 0.733723 , -0.526967
 11.699991 , 1.000000 , -0.628319 , 0.088633 , 0.705474 , -0.509225
 11.729991 , 1.000000 , -0.628319 , 0.119125 , 0.674024 , -0.490210
