0.030142
0.030105
0.030160
0.030251
0.030149
0.030155
0.030091
0.030084
0.030132
0.030156
0.030112
0.030074
0.030113
0.030134
0.030110
0.030094
0.030139
0.030166
0.030082
0.030168
0.030110
0.030081
0.030098
0.030105
0.030060
0.030153
0.030105
0.030110
0.030116
0.030150
0.030146
0.030118
0.030102
0.030149
0.030077
0.030152
0.030064
0.030146
0.030127
0.030155
0.030117
0.030069
0.030114
0.030150
0.030151
0.030153
0.030148
0.030066
0.030152
0.030155
0.030171
0.030110
0.030163
0.030104
0.030173
0.030078
0.030117
0.030114
0.030165
0.030096
0.030098
0.030130
0.030095
0.030105
0.030082
0.030065
0.030079
0.030099
0.030157
0.030455
0.030107
0.030112
0.030153
0.030099
0.030097
0.030087
0.030153
0.030156
0.030164
0.030179
0.030119
0.030132
0.030154
0.030159
0.030122
0.030134
0.030135
0.030116
0.030149
0.030093
0.030083
0.030120
0.030138
0.030147
0.030064
0.030066
0.030079
0.030107
0.030075
0.030125
0.030148
0.030092
0.030099
0.030137
0.030092
0.030072
0.030105
0.030155
0.030158
0.030094
0.030103
0.030065
0.030156
0.030090
0.030103
0.030148
0.030104
0.030158
0.030076
0.030118
0.030114
0.030137
0.030148
0.030084
0.030155
0.030113
0.030123
0.030162
0.030153
0.030080
0.030068
0.030087
0.030065
0.030105
0.030146
0.030147
0.030146
0.030102
0.030160
0.030162
0.030139
0.030159
0.030128
0.030069
0.030124
0.030179
0.030164
0.030092
0.030147
0.030071
0.030099
0.030121
0.030146
0.030136
0.030146
0.030152
0.030105
0.030132
0.030148
0.030072
0.030150
0.030158
0.030089
0.030160
0.030155
0.030092
0.030159
0.030107
0.030095
0.030131
0.030159
0.030096
0.030161
0.030090
0.030069
0.030131
0.030112
0.030132
0.030105
0.030150
0.030077
0.030119
0.030088
0.030092
0.030099
0.030158
0.030102
0.030078
0.030094
0.030066
0.030058
0.030067
0.030025
0.030094
0.030073
0.030156
0.030086
0.030154
0.030099
0.030156
0.030094
0.030174
0.030071
0.030148
0.030157
0.030156
0.030105
0.030068
0.030091
0.030133
0.030138
0.030147
0.030079
0.030131
0.030092
0.030135
0.030083
0.030100
0.030078
0.030152
0.030093
0.030157
0.030147
0.030085
0.030120
0.030077
0.030101
0.030072
0.030128
0.030103
0.030156
0.030095
0.030083
0.030110
0.030124
0.030152
0.030132
0.030102
0.030159
0.030164
0.030158
0.030076
0.030160
0.030099
0.030129
0.030105
0.030088
0.030109
0.030119
0.030081
0.030084
0.030136
0.030108
0.030137
0.030088
0.030102
0.030077
0.030163
0.030081
0.030153
0.030085
0.030118
0.030108
0.030070
0.030094
0.030161
0.030157
0.030112
0.030100
0.030084
0.030067
0.030165
0.030075
0.030120
0.030155
0.030150
0.030101
0.030106
0.030100
0.030153
0.030156
0.030117
0.030158
0.030149
0.030162
0.030080
0.030122
0.030122
0.030158
0.030166
0.030165
0.030123
0.030078
0.030149
0.030076
0.030122
0.030086
0.030158
0.030077
0.030132
0.030122
0.030123
0.030076
0.030099
0.030076
0.030081
0.030101
0.030148
0.030109
0.030073
0.030177
0.030103
0.030153
0.030103
0.030154
0.030085
0.030145
0.030182
0.030094
0.030100
0.030144
0.030154
0.030097
0.030145
0.030090
0.030162
0.030115
0.030085
0.030087
0.030101
0.030082
0.030154
0.030120
0.030113
0.030159
0.030115
0.030168
0.030127
0.030106
0.030156
0.030150
0.030131
0.030149
0.030157
0.030079
0.030101
0.030146
0.030157
0.030170
0.030121
0.030142
0.030105
0.030091
0.030097
0.030090
0.030075
0.030117
0.030178
0.030098
0.030114
0.030082
0.030111
0.030077
0.030072
0.030079
0.030164
0.030159
0.030105
0.030095
0.030134
0.030088
0.030103
0.030098
0.030155
0.030157
0.030097
0.030070
0.030052
0.030072
0.030084
0.030152
0.030092
0.030157
0.030074
0.030151
0.030121
0.030084
0.030070
0.030106
0.030100
0.030145
0.030079
0.030149
0.030119
0.030157
0.030123
0.030152
0.030081
0.030093
0.030086
0.030169
